{
 "cells": [
  {
   "cell_type": "code",
   "execution_count": 6,
   "metadata": {},
   "outputs": [],
   "source": [
    "import pandas as pd\n",
    "import yfinance as yf\n",
    "import numpy as np"
   ]
  },
  {
   "cell_type": "code",
   "execution_count": 35,
   "metadata": {},
   "outputs": [
    {
     "name": "stdout",
     "output_type": "stream",
     "text": [
      "[*********************100%***********************]  5 of 5 completed\n"
     ]
    }
   ],
   "source": [
    "tickers = [\"NFLX\", \"META\", \"AMZN\", \"AAPL\", \"TSLA\"]\n",
    "df = yf.download(tickers, start=\"2016-01-01\")[\"Adj Close\"]"
   ]
  },
  {
   "cell_type": "code",
   "execution_count": 36,
   "metadata": {},
   "outputs": [],
   "source": [
    "returns = df.pct_change()"
   ]
  },
  {
   "cell_type": "code",
   "execution_count": 38,
   "metadata": {},
   "outputs": [
    {
     "data": {
      "text/html": [
       "<div>\n",
       "<style scoped>\n",
       "    .dataframe tbody tr th:only-of-type {\n",
       "        vertical-align: middle;\n",
       "    }\n",
       "\n",
       "    .dataframe tbody tr th {\n",
       "        vertical-align: top;\n",
       "    }\n",
       "\n",
       "    .dataframe thead th {\n",
       "        text-align: right;\n",
       "    }\n",
       "</style>\n",
       "<table border=\"1\" class=\"dataframe\">\n",
       "  <thead>\n",
       "    <tr style=\"text-align: right;\">\n",
       "      <th></th>\n",
       "      <th>AAPL</th>\n",
       "      <th>AMZN</th>\n",
       "      <th>META</th>\n",
       "      <th>NFLX</th>\n",
       "      <th>TSLA</th>\n",
       "    </tr>\n",
       "  </thead>\n",
       "  <tbody>\n",
       "    <tr>\n",
       "      <th>AAPL</th>\n",
       "      <td>0.000363</td>\n",
       "      <td>0.000245</td>\n",
       "      <td>0.000265</td>\n",
       "      <td>0.000245</td>\n",
       "      <td>0.000315</td>\n",
       "    </tr>\n",
       "    <tr>\n",
       "      <th>AMZN</th>\n",
       "      <td>0.000245</td>\n",
       "      <td>0.000443</td>\n",
       "      <td>0.000319</td>\n",
       "      <td>0.000336</td>\n",
       "      <td>0.000320</td>\n",
       "    </tr>\n",
       "    <tr>\n",
       "      <th>META</th>\n",
       "      <td>0.000265</td>\n",
       "      <td>0.000319</td>\n",
       "      <td>0.000622</td>\n",
       "      <td>0.000344</td>\n",
       "      <td>0.000307</td>\n",
       "    </tr>\n",
       "    <tr>\n",
       "      <th>NFLX</th>\n",
       "      <td>0.000245</td>\n",
       "      <td>0.000336</td>\n",
       "      <td>0.000344</td>\n",
       "      <td>0.000796</td>\n",
       "      <td>0.000382</td>\n",
       "    </tr>\n",
       "    <tr>\n",
       "      <th>TSLA</th>\n",
       "      <td>0.000315</td>\n",
       "      <td>0.000320</td>\n",
       "      <td>0.000307</td>\n",
       "      <td>0.000382</td>\n",
       "      <td>0.001390</td>\n",
       "    </tr>\n",
       "  </tbody>\n",
       "</table>\n",
       "</div>"
      ],
      "text/plain": [
       "          AAPL      AMZN      META      NFLX      TSLA\n",
       "AAPL  0.000363  0.000245  0.000265  0.000245  0.000315\n",
       "AMZN  0.000245  0.000443  0.000319  0.000336  0.000320\n",
       "META  0.000265  0.000319  0.000622  0.000344  0.000307\n",
       "NFLX  0.000245  0.000336  0.000344  0.000796  0.000382\n",
       "TSLA  0.000315  0.000320  0.000307  0.000382  0.001390"
      ]
     },
     "execution_count": 38,
     "metadata": {},
     "output_type": "execute_result"
    }
   ],
   "source": [
    "cov_mat = returns.cov()\n",
    "cov_mat"
   ]
  },
  {
   "cell_type": "code",
   "execution_count": null,
   "metadata": {},
   "outputs": [],
   "source": []
  }
 ],
 "metadata": {
  "kernelspec": {
   "display_name": "Python 3",
   "language": "python",
   "name": "python3"
  },
  "language_info": {
   "codemirror_mode": {
    "name": "ipython",
    "version": 3
   },
   "file_extension": ".py",
   "mimetype": "text/x-python",
   "name": "python",
   "nbconvert_exporter": "python",
   "pygments_lexer": "ipython3",
   "version": "3.9.13"
  },
  "orig_nbformat": 4
 },
 "nbformat": 4,
 "nbformat_minor": 2
}
